0
1
2
3
4
5
6
7
16
16
17
17
18
18
19
19
20
20
21
21
22
22
23
23
32
32
33
33
34
34
35
35
36
36
37
37
38
38
39
39
48
48
49
49
50
50
51
51
52
52
53
53
54
54
55
55
64
64
65
65
66
66
67
67
68
68
69
69
70
70
71
71
80
80
81
81
82
82
83
83
84
84
85
85
86
86
87
87
96
96
97
97
98
98
99
99
100
100
101
101
102
102
103
103
112
112
113
113
114
114
115
115
116
116
117
117
118
118
119
119
128
128
129
129
130
130
131
131
132
132
133
133
134
134
135
135
144
144
145
145
146
146
147
147
148
148
149
149
150
150
151
151
160
160
161
161
162
162
163
163
164
164
165
165
166
166
167
167
176
176
177
177
178
178
179
179
180
180
181
181
182
182
183
183
192
192
193
193
194
194
195
195
196
196
197
197
198
198
199
199
208
208
209
209
210
210
211
211
212
212
213
213
214
214
215
215
224
224
225
225
226
226
227
227
228
228
229
229
230
230
231
231
240
240
241
241
242
242
243
243
244
244
245
245
246
246
247
247
256
256
257
257
258
258
259
259
260
260
261
261
262
262
263
263
272
272
273
273
274
274
275
275
276
276
277
277
278
278
279
279
288
288
289
289
290
290
291
291
292
292
293
293
294
294
295
295
304
304
305
305
306
306
307
307
308
308
309
309
310
310
311
311
320
320
321
321
322
322
323
323
324
324
325
325
326
326
327
327
336
336
337
337
338
338
339
339
340
340
341
341
342
342
343
343
352
352
353
353
354
354
355
355
356
356
357
357
358
358
359
359
368
368
369
369
370
370
371
371
372
372
373
373
374
374
375
375
384
384
385
385
386
386
387
387
388
388
389
389
390
390
391
391
400
400
401
401
402
402
403
403
404
404
405
405
406
406
407
407
416
416
417
417
418
418
419
419
420
420
421
421
422
422
423
423
432
432
433
433
434
434
435
435
436
436
437
437
438
438
439
439
448
448
449
449
450
450
451
451
452
452
453
453
454
454
455
455
464
464
465
465
466
466
467
467
468
468
469
469
470
470
471
471
480
480
481
481
482
482
483
483
484
484
485
485
486
486
487
487
496
496
497
497
498
498
499
499
500
500
501
501
502
502
503
503
512
512
513
513
514
514
515
515
516
516
517
517
518
518
519
519
528
528
529
529
530
530
531
531
532
532
533
533
534
534
535
535
544
544
545
545
546
546
547
547
548
548
549
549
550
550
551
551
560
560
561
561
562
562
563
563
564
564
565
565
566
566
567
567
576
576
577
577
578
578
579
579
580
580
581
581
582
582
583
583
592
592
593
593
594
594
595
595
596
596
597
597
598
598
599
599
608
608
609
609
610
610
611
611
612
612
613
613
614
614
615
615
624
624
625
625
626
626
627
627
628
628
629
629
630
630
631
631
640
640
641
641
642
642
643
643
644
644
645
645
646
646
647
647
656
656
657
657
658
658
659
659
660
660
661
661
662
662
663
663
672
672
673
673
674
674
675
675
676
676
677
678
678
679
679
688
688
689
689
690
690
691
691
692
692
693
693
694
694
695
695
704
704
705
705
706
706
707
707
708
708
709
709
710
710
711
711
720
720
721
721
722
722
723
723
724
724
725
725
726
726
727
727
736
736
737
737
738
738
739
739
740
740
741
741
742
742
743
743
752
752
753
753
754
754
755
755
756
756
757
757
758
758
759
759
768
768
769
769
770
770
771
771
772
772
773
773
774
774
775
775
784
784
785
785
786
786
787
787
788
788
789
789
790
790
791
791
800
800
801
801
802
802
803
803
804
804
805
805
806
806
807
807
816
816
817
817
818
818
819
819
820
820
821
821
822
822
823
823
832
832
833
833
834
834
835
835
836
836
837
837
838
838
839
839
848
848
849
849
850
850
851
851
852
852
853
853
854
854
855
855
864
864
865
865
866
866
867
867
868
868
869
869
870
870
871
871
880
880
881
881
882
882
883
883
884
884
885
885
886
886
887
887
896
896
897
897
898
898
899
899
900
900
901
901
902
902
903
903
912
912
913
913
914
914
915
915
916
916
917
917
918
918
919
919
928
928
929
929
930
930
931
931
932
932
933
933
934
934
935
935
944
944
945
945
946
946
947
947
948
948
949
949
950
950
951
951
960
960
961
961
962
962
963
963
964
964
965
965
966
966
967
967
976
